image_path,audio_path,vision_conf,audio_prob,fusion_score,fusion_pred,gt,lighting,weather,traffic_density,vision_weight,audio_weight,threshold,vision_detected,audio_detected
C:\Users\rishi\Desktop\Context-Aware Dynamic Modality Switching for Robust Emergency Vehicle Detection under Adverse Conditions\data\vision\images\val\378.jpg,C:\Users\rishi\Desktop\Context-Aware Dynamic Modality Switching for Robust Emergency Vehicle Detection under Adverse Conditions\UrbanSound8K\audio\fold7\107357-8-1-15.wav,0.7789087295532227,0.9999996423721313,0.9426010400056839,1,1,night,clear,medium,0.25961538461538464,0.7403846153846154,0.3,1,1
C:\Users\rishi\Desktop\Context-Aware Dynamic Modality Switching for Robust Emergency Vehicle Detection under Adverse Conditions\data\vision\images\val\622.jpg,C:\Users\rishi\Desktop\Context-Aware Dynamic Modality Switching for Robust Emergency Vehicle Detection under Adverse Conditions\UrbanSound8K\audio\fold9\175853-1-0-0.wav,0.7985963821411133,0.05415766313672066,0.3287457152285048,1,1,night,clear,medium,0.36885245901639346,0.6311475409836066,0.3,1,0
C:\Users\rishi\Desktop\Context-Aware Dynamic Modality Switching for Robust Emergency Vehicle Detection under Adverse Conditions\data\vision\images\val\339.jpg,C:\Users\rishi\Desktop\Context-Aware Dynamic Modality Switching for Robust Emergency Vehicle Detection under Adverse Conditions\UrbanSound8K\audio\fold10\164194-2-0-11.wav,0.8028745055198669,0.21053794026374817,0.45285744423216034,1,1,day,clear,high,0.40909090909090906,0.5909090909090909,0.3,1,0
C:\Users\rishi\Desktop\Context-Aware Dynamic Modality Switching for Robust Emergency Vehicle Detection under Adverse Conditions\data\vision\images\val\336.jpg,C:\Users\rishi\Desktop\Context-Aware Dynamic Modality Switching for Robust Emergency Vehicle Detection under Adverse Conditions\UrbanSound8K\audio\fold9\159748-8-2-4.wav,0.8079909682273865,0.9869773983955383,0.8695175535976887,1,1,day,clear,medium,0.65625,0.34375000000000006,0.3,1,1
C:\Users\rishi\Desktop\Context-Aware Dynamic Modality Switching for Robust Emergency Vehicle Detection under Adverse Conditions\data\vision\images\val\978.jpg,C:\Users\rishi\Desktop\Context-Aware Dynamic Modality Switching for Robust Emergency Vehicle Detection under Adverse Conditions\UrbanSound8K\audio\fold3\165039-7-10-1.wav,0.7950097918510437,0.08361726999282837,0.5890803776289287,1,1,day,clear,medium,0.7105263157894737,0.2894736842105263,0.3,1,0
C:\Users\rishi\Desktop\Context-Aware Dynamic Modality Switching for Robust Emergency Vehicle Detection under Adverse Conditions\data\vision\images\val\983.jpg,C:\Users\rishi\Desktop\Context-Aware Dynamic Modality Switching for Robust Emergency Vehicle Detection under Adverse Conditions\UrbanSound8K\audio\fold3\151149-2-0-15.wav,0.7796667814254761,0.08386167138814926,0.5782495127304604,1,1,day,clear,medium,0.7105263157894737,0.2894736842105263,0.3,1,0
C:\Users\rishi\Desktop\Context-Aware Dynamic Modality Switching for Robust Emergency Vehicle Detection under Adverse Conditions\data\vision\images\val\542.jpg,C:\Users\rishi\Desktop\Context-Aware Dynamic Modality Switching for Robust Emergency Vehicle Detection under Adverse Conditions\UrbanSound8K\audio\fold5\72259-1-10-6.wav,0.8005187511444092,0.002316059311851859,0.29673508498779516,1,1,night,clear,high,0.36885245901639346,0.6311475409836066,0.3,1,0
C:\Users\rishi\Desktop\Context-Aware Dynamic Modality Switching for Robust Emergency Vehicle Detection under Adverse Conditions\data\vision\images\val\42.jpg,C:\Users\rishi\Desktop\Context-Aware Dynamic Modality Switching for Robust Emergency Vehicle Detection under Adverse Conditions\UrbanSound8K\audio\fold4\206037-2-0-40.wav,0.7909035682678223,0.1800289899110794,0.4299322265115651,1,1,day,clear,high,0.40909090909090906,0.5909090909090909,0.3,1,0
C:\Users\rishi\Desktop\Context-Aware Dynamic Modality Switching for Robust Emergency Vehicle Detection under Adverse Conditions\data\vision\images\val\525.jpg,C:\Users\rishi\Desktop\Context-Aware Dynamic Modality Switching for Robust Emergency Vehicle Detection under Adverse Conditions\UrbanSound8K\audio\fold1\118279-8-0-12.wav,0.7719823718070984,0.9805597066879272,0.9167714926224311,1,1,day,clear,high,0.3058252427184466,0.6941747572815534,0.3,1,1
C:\Users\rishi\Desktop\Context-Aware Dynamic Modality Switching for Robust Emergency Vehicle Detection under Adverse Conditions\data\vision\images\val\648.jpg,C:\Users\rishi\Desktop\Context-Aware Dynamic Modality Switching for Robust Emergency Vehicle Detection under Adverse Conditions\UrbanSound8K\audio\fold9\165454-0-0-6.wav,0.7793838381767273,0.13260915875434875,0.37117358968883263,1,1,night,clear,medium,0.36885245901639346,0.6311475409836066,0.3,1,0
C:\Users\rishi\Desktop\Context-Aware Dynamic Modality Switching for Robust Emergency Vehicle Detection under Adverse Conditions\data\vision\images\val\246.jpg,C:\Users\rishi\Desktop\Context-Aware Dynamic Modality Switching for Robust Emergency Vehicle Detection under Adverse Conditions\UrbanSound8K\audio\fold6\94632-5-0-25.wav,0.7754389643669128,0.4280117452144623,0.656010857783258,1,1,day,clear,medium,0.65625,0.34375000000000006,0.3,1,0
C:\Users\rishi\Desktop\Context-Aware Dynamic Modality Switching for Robust Emergency Vehicle Detection under Adverse Conditions\data\vision\images\val\682.jpg,C:\Users\rishi\Desktop\Context-Aware Dynamic Modality Switching for Robust Emergency Vehicle Detection under Adverse Conditions\UrbanSound8K\audio\fold3\22601-8-0-13.wav,0.7639111280441284,0.9997909665107727,0.9385529315242401,1,1,night,clear,high,0.25961538461538464,0.7403846153846154,0.3,1,1
C:\Users\rishi\Desktop\Context-Aware Dynamic Modality Switching for Robust Emergency Vehicle Detection under Adverse Conditions\data\vision\images\val\946.jpg,C:\Users\rishi\Desktop\Context-Aware Dynamic Modality Switching for Robust Emergency Vehicle Detection under Adverse Conditions\UrbanSound8K\audio\fold1\103258-5-0-18.wav,0.7878966331481934,0.4193655252456665,0.6612140648066998,1,1,day,clear,medium,0.65625,0.34375000000000006,0.3,1,0
C:\Users\rishi\Desktop\Context-Aware Dynamic Modality Switching for Robust Emergency Vehicle Detection under Adverse Conditions\data\vision\images\val\454.jpg,C:\Users\rishi\Desktop\Context-Aware Dynamic Modality Switching for Robust Emergency Vehicle Detection under Adverse Conditions\UrbanSound8K\audio\fold10\200786-5-1-3.wav,0.8022906184196472,0.0021564243361353874,0.29728788936693895,1,1,night,clear,high,0.36885245901639346,0.6311475409836066,0.3,1,0
C:\Users\rishi\Desktop\Context-Aware Dynamic Modality Switching for Robust Emergency Vehicle Detection under Adverse Conditions\data\vision\images\val\743.jpg,C:\Users\rishi\Desktop\Context-Aware Dynamic Modality Switching for Robust Emergency Vehicle Detection under Adverse Conditions\UrbanSound8K\audio\fold3\94636-8-0-13.wav,0.7841019630432129,0.9964529275894165,0.8570976071059704,1,1,day,clear,medium,0.65625,0.34375000000000006,0.3,1,1
C:\Users\rishi\Desktop\Context-Aware Dynamic Modality Switching for Robust Emergency Vehicle Detection under Adverse Conditions\data\vision\images\val\846.jpg,C:\Users\rishi\Desktop\Context-Aware Dynamic Modality Switching for Robust Emergency Vehicle Detection under Adverse Conditions\UrbanSound8K\audio\fold6\108638-9-0-0.wav,0.772720217704773,0.04125363379716873,0.31105688195980963,1,1,night,clear,high,0.36885245901639346,0.6311475409836066,0.3,1,0
C:\Users\rishi\Desktop\Context-Aware Dynamic Modality Switching for Robust Emergency Vehicle Detection under Adverse Conditions\data\vision\images\val\827.jpg,C:\Users\rishi\Desktop\Context-Aware Dynamic Modality Switching for Robust Emergency Vehicle Detection under Adverse Conditions\UrbanSound8K\audio\fold2\72567-1-4-4.wav,0.8060470223426819,0.02479575015604496,0.3443985433233055,1,1,day,clear,high,0.40909090909090906,0.5909090909090909,0.3,1,0
C:\Users\rishi\Desktop\Context-Aware Dynamic Modality Switching for Robust Emergency Vehicle Detection under Adverse Conditions\data\vision\images\val\343.jpg,C:\Users\rishi\Desktop\Context-Aware Dynamic Modality Switching for Robust Emergency Vehicle Detection under Adverse Conditions\UrbanSound8K\audio\fold10\157207-6-5-0.wav,0.7877276539802551,0.04775264114141464,0.32069424423770826,1,1,night,clear,medium,0.36885245901639346,0.6311475409836066,0.3,1,0
C:\Users\rishi\Desktop\Context-Aware Dynamic Modality Switching for Robust Emergency Vehicle Detection under Adverse Conditions\data\vision\images\val\984.jpg,C:\Users\rishi\Desktop\Context-Aware Dynamic Modality Switching for Robust Emergency Vehicle Detection under Adverse Conditions\UrbanSound8K\audio\fold1\139951-9-0-33.wav,0.7959908246994019,0.7585233449935913,0.7831113785505295,1,1,day,clear,medium,0.65625,0.34375000000000006,0.3,1,1
C:\Users\rishi\Desktop\Context-Aware Dynamic Modality Switching for Robust Emergency Vehicle Detection under Adverse Conditions\data\vision\images\val\138.jpg,C:\Users\rishi\Desktop\Context-Aware Dynamic Modality Switching for Robust Emergency Vehicle Detection under Adverse Conditions\UrbanSound8K\audio\fold8\177726-0-0-15.wav,0.8043577671051025,0.23485033214092255,0.6395003517207346,1,1,day,clear,medium,0.7105263157894737,0.2894736842105263,0.3,1,0
C:\Users\rishi\Desktop\Context-Aware Dynamic Modality Switching for Robust Emergency Vehicle Detection under Adverse Conditions\data\vision\images\val\753.jpg,C:\Users\rishi\Desktop\Context-Aware Dynamic Modality Switching for Robust Emergency Vehicle Detection under Adverse Conditions\UrbanSound8K\audio\fold2\168713-9-0-82.wav,0.7816737294197083,0.026075290516018867,0.30477963273459285,1,1,night,clear,medium,0.36885245901639346,0.6311475409836066,0.3,1,0
C:\Users\rishi\Desktop\Context-Aware Dynamic Modality Switching for Robust Emergency Vehicle Detection under Adverse Conditions\data\vision\images\val\250.jpg,C:\Users\rishi\Desktop\Context-Aware Dynamic Modality Switching for Robust Emergency Vehicle Detection under Adverse Conditions\UrbanSound8K\audio\fold4\146709-0-0-48.wav,0.7781275510787964,0.14365819096565247,0.37768377461394326,1,1,night,clear,high,0.36885245901639346,0.6311475409836066,0.3,1,0
C:\Users\rishi\Desktop\Context-Aware Dynamic Modality Switching for Robust Emergency Vehicle Detection under Adverse Conditions\data\vision\images\val\33.jpg,C:\Users\rishi\Desktop\Context-Aware Dynamic Modality Switching for Robust Emergency Vehicle Detection under Adverse Conditions\UrbanSound8K\audio\fold9\14385-9-0-10.wav,0.7809913158416748,0.03658849745988846,0.5655062894679999,1,1,day,clear,medium,0.7105263157894737,0.2894736842105263,0.3,1,0
C:\Users\rishi\Desktop\Context-Aware Dynamic Modality Switching for Robust Emergency Vehicle Detection under Adverse Conditions\data\vision\images\val\434.jpg,C:\Users\rishi\Desktop\Context-Aware Dynamic Modality Switching for Robust Emergency Vehicle Detection under Adverse Conditions\UrbanSound8K\audio\fold2\169098-7-0-9.wav,0.7895341515541077,0.07000615447759628,0.3354058255304079,1,1,night,clear,high,0.36885245901639346,0.6311475409836066,0.3,1,0
C:\Users\rishi\Desktop\Context-Aware Dynamic Modality Switching for Robust Emergency Vehicle Detection under Adverse Conditions\data\vision\images\val\675.jpg,C:\Users\rishi\Desktop\Context-Aware Dynamic Modality Switching for Robust Emergency Vehicle Detection under Adverse Conditions\UrbanSound8K\audio\fold7\28385-9-0-57.wav,0.8060307502746582,0.0001348088262602687,0.2973915085408333,1,1,night,clear,high,0.36885245901639346,0.6311475409836066,0.3,1,0
C:\Users\rishi\Desktop\Context-Aware Dynamic Modality Switching for Robust Emergency Vehicle Detection under Adverse Conditions\data\vision\images\val\974.jpg,C:\Users\rishi\Desktop\Context-Aware Dynamic Modality Switching for Robust Emergency Vehicle Detection under Adverse Conditions\UrbanSound8K\audio\fold6\167701-4-4-0.wav,0.7837297320365906,0.16583392024040222,0.4186094796115702,1,1,day,clear,high,0.40909090909090906,0.5909090909090909,0.3,1,0
C:\Users\rishi\Desktop\Context-Aware Dynamic Modality Switching for Robust Emergency Vehicle Detection under Adverse Conditions\data\vision\images\val\865.jpg,C:\Users\rishi\Desktop\Context-Aware Dynamic Modality Switching for Robust Emergency Vehicle Detection under Adverse Conditions\UrbanSound8K\audio\fold1\46669-4-0-63.wav,0.7776727080345154,0.9393304586410522,0.8973616195412784,1,1,night,clear,low,0.25961538461538464,0.7403846153846154,0.3,1,1
C:\Users\rishi\Desktop\Context-Aware Dynamic Modality Switching for Robust Emergency Vehicle Detection under Adverse Conditions\data\vision\images\val\75.jpg,C:\Users\rishi\Desktop\Context-Aware Dynamic Modality Switching for Robust Emergency Vehicle Detection under Adverse Conditions\UrbanSound8K\audio\fold9\105029-7-1-8.wav,0.7845632433891296,0.03242366388440132,0.3401171282272447,1,1,day,clear,high,0.40909090909090906,0.5909090909090909,0.3,1,0
C:\Users\rishi\Desktop\Context-Aware Dynamic Modality Switching for Robust Emergency Vehicle Detection under Adverse Conditions\data\vision\images\val\661.jpg,C:\Users\rishi\Desktop\Context-Aware Dynamic Modality Switching for Robust Emergency Vehicle Detection under Adverse Conditions\UrbanSound8K\audio\fold4\24347-8-0-76.wav,0.6973376274108887,0.9863184690475464,0.8979408330130345,1,1,day,clear,high,0.3058252427184466,0.6941747572815534,0.3,1,1
C:\Users\rishi\Desktop\Context-Aware Dynamic Modality Switching for Robust Emergency Vehicle Detection under Adverse Conditions\data\vision\images\val\190.jpg,C:\Users\rishi\Desktop\Context-Aware Dynamic Modality Switching for Robust Emergency Vehicle Detection under Adverse Conditions\UrbanSound8K\audio\fold4\159751-8-0-12.wav,0.7823952436447144,0.9970376491546631,0.9313945833919117,1,1,day,clear,high,0.3058252427184466,0.6941747572815534,0.3,1,1
C:\Users\rishi\Desktop\Context-Aware Dynamic Modality Switching for Robust Emergency Vehicle Detection under Adverse Conditions\data\vision\images\val\293.jpg,C:\Users\rishi\Desktop\Context-Aware Dynamic Modality Switching for Robust Emergency Vehicle Detection under Adverse Conditions\UrbanSound8K\audio\fold9\159748-8-0-0.wav,0.7572083473205566,0.9998784065246582,0.9368775257697473,1,1,night,clear,medium,0.25961538461538464,0.7403846153846154,0.3,1,1
C:\Users\rishi\Desktop\Context-Aware Dynamic Modality Switching for Robust Emergency Vehicle Detection under Adverse Conditions\data\vision\images\val\749.jpg,C:\Users\rishi\Desktop\Context-Aware Dynamic Modality Switching for Robust Emergency Vehicle Detection under Adverse Conditions\UrbanSound8K\audio\fold7\201988-5-0-21.wav,0.789231538772583,0.0917278602719307,0.3770702742040157,1,1,day,clear,high,0.40909090909090906,0.5909090909090909,0.3,1,0
C:\Users\rishi\Desktop\Context-Aware Dynamic Modality Switching for Robust Emergency Vehicle Detection under Adverse Conditions\data\vision\images\val\260.jpg,C:\Users\rishi\Desktop\Context-Aware Dynamic Modality Switching for Robust Emergency Vehicle Detection under Adverse Conditions\UrbanSound8K\audio\fold1\174290-6-3-0.wav,0.7764365673065186,0.07110375910997391,0.3312674998382076,1,1,night,clear,high,0.36885245901639346,0.6311475409836066,0.3,1,0
C:\Users\rishi\Desktop\Context-Aware Dynamic Modality Switching for Robust Emergency Vehicle Detection under Adverse Conditions\data\vision\images\val\780.jpg,C:\Users\rishi\Desktop\Context-Aware Dynamic Modality Switching for Robust Emergency Vehicle Detection under Adverse Conditions\UrbanSound8K\audio\fold10\73524-0-0-99.wav,0.7727140188217163,0.06002300605177879,0.32290083863085417,1,1,night,clear,medium,0.36885245901639346,0.6311475409836066,0.3,1,0
C:\Users\rishi\Desktop\Context-Aware Dynamic Modality Switching for Robust Emergency Vehicle Detection under Adverse Conditions\data\vision\images\val\804.jpg,C:\Users\rishi\Desktop\Context-Aware Dynamic Modality Switching for Robust Emergency Vehicle Detection under Adverse Conditions\UrbanSound8K\audio\fold10\2937-1-0-0.wav,0.7501781582832336,0.06634007394313812,0.34609201753681357,1,1,day,clear,high,0.40909090909090906,0.5909090909090909,0.3,1,0
C:\Users\rishi\Desktop\Context-Aware Dynamic Modality Switching for Robust Emergency Vehicle Detection under Adverse Conditions\data\vision\images\val\27.jpg,C:\Users\rishi\Desktop\Context-Aware Dynamic Modality Switching for Robust Emergency Vehicle Detection under Adverse Conditions\UrbanSound8K\audio\fold2\169098-7-4-4.wav,0.774857759475708,0.027264883741736412,0.33309833290563384,1,1,day,clear,high,0.40909090909090906,0.5909090909090909,0.3,1,0
C:\Users\rishi\Desktop\Context-Aware Dynamic Modality Switching for Robust Emergency Vehicle Detection under Adverse Conditions\data\vision\images\val\720.jpg,C:\Users\rishi\Desktop\Context-Aware Dynamic Modality Switching for Robust Emergency Vehicle Detection under Adverse Conditions\UrbanSound8K\audio\fold1\17592-5-0-0.wav,0.7147737741470337,0.0875418409705162,0.3441367227245461,1,1,day,clear,high,0.40909090909090906,0.5909090909090909,0.3,1,0
C:\Users\rishi\Desktop\Context-Aware Dynamic Modality Switching for Robust Emergency Vehicle Detection under Adverse Conditions\data\vision\images\val\187.jpg,C:\Users\rishi\Desktop\Context-Aware Dynamic Modality Switching for Robust Emergency Vehicle Detection under Adverse Conditions\UrbanSound8K\audio\fold1\176714-2-0-26.wav,0.7774278521537781,0.07834518700838089,0.33620354710299466,1,1,night,clear,high,0.36885245901639346,0.6311475409836066,0.3,1,0
C:\Users\rishi\Desktop\Context-Aware Dynamic Modality Switching for Robust Emergency Vehicle Detection under Adverse Conditions\data\vision\images\val\769.jpg,C:\Users\rishi\Desktop\Context-Aware Dynamic Modality Switching for Robust Emergency Vehicle Detection under Adverse Conditions\UrbanSound8K\audio\fold3\69598-4-6-0.wav,0.8047272562980652,0.13572359085083008,0.40940690853378986,1,1,day,clear,high,0.40909090909090906,0.5909090909090909,0.3,1,0
C:\Users\rishi\Desktop\Context-Aware Dynamic Modality Switching for Robust Emergency Vehicle Detection under Adverse Conditions\data\vision\images\val\504.jpg,C:\Users\rishi\Desktop\Context-Aware Dynamic Modality Switching for Robust Emergency Vehicle Detection under Adverse Conditions\UrbanSound8K\audio\fold1\135776-2-0-65.wav,0.7721976637840271,0.0007352792308665812,0.5488796050975859,1,1,day,clear,medium,0.7105263157894737,0.2894736842105263,0.3,1,0
C:\Users\rishi\Desktop\Context-Aware Dynamic Modality Switching for Robust Emergency Vehicle Detection under Adverse Conditions\data\vision\images\val\413.jpg,C:\Users\rishi\Desktop\Context-Aware Dynamic Modality Switching for Robust Emergency Vehicle Detection under Adverse Conditions\UrbanSound8K\audio\fold7\164797-2-0-44.wav,0.7624630928039551,0.5376527309417725,0.5960169595021468,1,1,night,clear,medium,0.25961538461538464,0.7403846153846154,0.3,1,1
C:\Users\rishi\Desktop\Context-Aware Dynamic Modality Switching for Robust Emergency Vehicle Detection under Adverse Conditions\data\vision\images\val\562.jpg,C:\Users\rishi\Desktop\Context-Aware Dynamic Modality Switching for Robust Emergency Vehicle Detection under Adverse Conditions\UrbanSound8K\audio\fold6\64346-6-0-0.wav,0.7936617136001587,0.011346651241183281,0.5672020902857184,1,1,day,clear,medium,0.7105263157894737,0.2894736842105263,0.3,1,0
C:\Users\rishi\Desktop\Context-Aware Dynamic Modality Switching for Robust Emergency Vehicle Detection under Adverse Conditions\data\vision\images\val\344.jpg,C:\Users\rishi\Desktop\Context-Aware Dynamic Modality Switching for Robust Emergency Vehicle Detection under Adverse Conditions\UrbanSound8K\audio\fold5\178260-7-4-1.wav,0.7797866463661194,0.6880984902381897,0.7119021461560175,1,1,night,clear,medium,0.25961538461538464,0.7403846153846154,0.3,1,1
C:\Users\rishi\Desktop\Context-Aware Dynamic Modality Switching for Robust Emergency Vehicle Detection under Adverse Conditions\data\vision\images\val\825.jpg,C:\Users\rishi\Desktop\Context-Aware Dynamic Modality Switching for Robust Emergency Vehicle Detection under Adverse Conditions\UrbanSound8K\audio\fold5\187920-7-0-0.wav,0.7868045568466187,0.0486711747944355,0.3506348310885104,1,1,day,clear,high,0.40909090909090906,0.5909090909090909,0.3,1,0
C:\Users\rishi\Desktop\Context-Aware Dynamic Modality Switching for Robust Emergency Vehicle Detection under Adverse Conditions\data\vision\images\val\563.jpg,C:\Users\rishi\Desktop\Context-Aware Dynamic Modality Switching for Robust Emergency Vehicle Detection under Adverse Conditions\UrbanSound8K\audio\fold2\203929-7-4-1.wav,0.7783319354057312,0.028786811977624893,0.33541890792548656,1,1,day,clear,high,0.40909090909090906,0.5909090909090909,0.3,1,0
C:\Users\rishi\Desktop\Context-Aware Dynamic Modality Switching for Robust Emergency Vehicle Detection under Adverse Conditions\data\vision\images\val\909.jpg,C:\Users\rishi\Desktop\Context-Aware Dynamic Modality Switching for Robust Emergency Vehicle Detection under Adverse Conditions\UrbanSound8K\audio\fold1\40722-8-0-3.wav,0.794411838054657,0.9952517747879028,0.9431106373667717,1,1,night,clear,medium,0.25961538461538464,0.7403846153846154,0.3,1,1
C:\Users\rishi\Desktop\Context-Aware Dynamic Modality Switching for Robust Emergency Vehicle Detection under Adverse Conditions\data\vision\images\val\397.jpg,C:\Users\rishi\Desktop\Context-Aware Dynamic Modality Switching for Robust Emergency Vehicle Detection under Adverse Conditions\UrbanSound8K\audio\fold2\201652-5-4-4.wav,0.767182469367981,0.04863718897104263,0.3136743825600773,1,1,night,clear,high,0.36885245901639346,0.6311475409836066,0.3,1,0
C:\Users\rishi\Desktop\Context-Aware Dynamic Modality Switching for Robust Emergency Vehicle Detection under Adverse Conditions\data\vision\images\val\130.jpg,C:\Users\rishi\Desktop\Context-Aware Dynamic Modality Switching for Robust Emergency Vehicle Detection under Adverse Conditions\UrbanSound8K\audio\fold2\77751-4-5-0.wav,0.7730308771133423,0.05738593637943268,0.3501497757705775,1,1,day,clear,high,0.40909090909090906,0.5909090909090909,0.3,1,0
C:\Users\rishi\Desktop\Context-Aware Dynamic Modality Switching for Robust Emergency Vehicle Detection under Adverse Conditions\data\vision\images\val\462.jpg,C:\Users\rishi\Desktop\Context-Aware Dynamic Modality Switching for Robust Emergency Vehicle Detection under Adverse Conditions\UrbanSound8K\audio\fold7\168846-5-1-12.wav,0.7759211659431458,0.4750060737133026,0.5670335048321381,1,1,day,clear,high,0.3058252427184466,0.6941747572815534,0.3,1,0
C:\Users\rishi\Desktop\Context-Aware Dynamic Modality Switching for Robust Emergency Vehicle Detection under Adverse Conditions\data\vision\images\val\669.jpg,C:\Users\rishi\Desktop\Context-Aware Dynamic Modality Switching for Robust Emergency Vehicle Detection under Adverse Conditions\UrbanSound8K\audio\fold10\115418-9-0-29.wav,0.7706108093261719,0.8568678498268127,0.8304882694795294,1,1,day,clear,high,0.3058252427184466,0.6941747572815534,0.3,1,1
C:\Users\rishi\Desktop\Context-Aware Dynamic Modality Switching for Robust Emergency Vehicle Detection under Adverse Conditions\data\vision\images\val\968.jpg,C:\Users\rishi\Desktop\Context-Aware Dynamic Modality Switching for Robust Emergency Vehicle Detection under Adverse Conditions\UrbanSound8K\audio\fold5\203913-8-1-5.wav,0.7637865543365479,0.8756407499313354,0.8414329134144829,1,1,day,clear,high,0.3058252427184466,0.6941747572815534,0.3,1,1
C:\Users\rishi\Desktop\Context-Aware Dynamic Modality Switching for Robust Emergency Vehicle Detection under Adverse Conditions\data\vision\images\val\763.jpg,C:\Users\rishi\Desktop\Context-Aware Dynamic Modality Switching for Robust Emergency Vehicle Detection under Adverse Conditions\UrbanSound8K\audio\fold8\39967-9-0-78.wav,0.7759345173835754,0.0047867391258478165,0.552707528940549,1,1,day,clear,medium,0.7105263157894737,0.2894736842105263,0.3,1,0
C:\Users\rishi\Desktop\Context-Aware Dynamic Modality Switching for Robust Emergency Vehicle Detection under Adverse Conditions\data\vision\images\val\276.jpg,C:\Users\rishi\Desktop\Context-Aware Dynamic Modality Switching for Robust Emergency Vehicle Detection under Adverse Conditions\UrbanSound8K\audio\fold6\83680-5-0-3.wav,0.7593669295310974,0.9645437598228455,0.9017955058986701,1,1,day,clear,high,0.3058252427184466,0.6941747572815534,0.3,1,1
C:\Users\rishi\Desktop\Context-Aware Dynamic Modality Switching for Robust Emergency Vehicle Detection under Adverse Conditions\data\vision\images\val\623.jpg,C:\Users\rishi\Desktop\Context-Aware Dynamic Modality Switching for Robust Emergency Vehicle Detection under Adverse Conditions\UrbanSound8K\audio\fold2\189023-0-0-1.wav,0.737059473991394,0.07499544322490692,0.5454093598221478,1,1,day,clear,medium,0.7105263157894737,0.2894736842105263,0.3,1,0
C:\Users\rishi\Desktop\Context-Aware Dynamic Modality Switching for Robust Emergency Vehicle Detection under Adverse Conditions\data\vision\images\val\224.jpg,C:\Users\rishi\Desktop\Context-Aware Dynamic Modality Switching for Robust Emergency Vehicle Detection under Adverse Conditions\UrbanSound8K\audio\fold6\30206-7-0-39.wav,0.774700939655304,0.06684684753417969,0.5697958077255048,1,1,day,clear,medium,0.7105263157894737,0.2894736842105263,0.3,1,0
C:\Users\rishi\Desktop\Context-Aware Dynamic Modality Switching for Robust Emergency Vehicle Detection under Adverse Conditions\data\vision\images\val\868.jpg,C:\Users\rishi\Desktop\Context-Aware Dynamic Modality Switching for Robust Emergency Vehicle Detection under Adverse Conditions\UrbanSound8K\audio\fold9\119449-5-0-5.wav,0.8029273152351379,0.22382470965385437,0.4374281297453114,1,1,night,clear,medium,0.36885245901639346,0.6311475409836066,0.3,1,0
C:\Users\rishi\Desktop\Context-Aware Dynamic Modality Switching for Robust Emergency Vehicle Detection under Adverse Conditions\data\vision\images\val\43.jpg,C:\Users\rishi\Desktop\Context-Aware Dynamic Modality Switching for Robust Emergency Vehicle Detection under Adverse Conditions\UrbanSound8K\audio\fold10\26255-3-6-0.wav,0.7685864567756653,0.04417799413204193,0.3405269106680696,1,1,day,clear,high,0.40909090909090906,0.5909090909090909,0.3,1,0
C:\Users\rishi\Desktop\Context-Aware Dynamic Modality Switching for Robust Emergency Vehicle Detection under Adverse Conditions\data\vision\images\val\818.jpg,C:\Users\rishi\Desktop\Context-Aware Dynamic Modality Switching for Robust Emergency Vehicle Detection under Adverse Conditions\UrbanSound8K\audio\fold4\170564-2-1-9.wav,0.7707299590110779,0.21342718601226807,0.6094054720903698,1,1,day,clear,medium,0.7105263157894737,0.2894736842105263,0.3,1,0
C:\Users\rishi\Desktop\Context-Aware Dynamic Modality Switching for Robust Emergency Vehicle Detection under Adverse Conditions\data\vision\images\val\539.jpg,C:\Users\rishi\Desktop\Context-Aware Dynamic Modality Switching for Robust Emergency Vehicle Detection under Adverse Conditions\UrbanSound8K\audio\fold2\160366-3-0-4.wav,0.7534719109535217,0.6181504130363464,0.7069551460444927,1,1,day,clear,medium,0.65625,0.34375000000000006,0.3,1,1
C:\Users\rishi\Desktop\Context-Aware Dynamic Modality Switching for Robust Emergency Vehicle Detection under Adverse Conditions\data\vision\images\val\588.jpg,C:\Users\rishi\Desktop\Context-Aware Dynamic Modality Switching for Robust Emergency Vehicle Detection under Adverse Conditions\UrbanSound8K\audio\fold9\103249-5-0-12.wav,0.7973964810371399,0.03051266446709633,0.5754037972931798,1,1,day,clear,medium,0.7105263157894737,0.2894736842105263,0.3,1,0
C:\Users\rishi\Desktop\Context-Aware Dynamic Modality Switching for Robust Emergency Vehicle Detection under Adverse Conditions\data\vision\images\val\795.jpg,C:\Users\rishi\Desktop\Context-Aware Dynamic Modality Switching for Robust Emergency Vehicle Detection under Adverse Conditions\UrbanSound8K\audio\fold1\103074-7-3-2.wav,0.7624220848083496,0.07618264853954315,0.5637738269410635,1,1,day,clear,medium,0.7105263157894737,0.2894736842105263,0.3,1,0
C:\Users\rishi\Desktop\Context-Aware Dynamic Modality Switching for Robust Emergency Vehicle Detection under Adverse Conditions\data\vision\images\val\425.jpg,C:\Users\rishi\Desktop\Context-Aware Dynamic Modality Switching for Robust Emergency Vehicle Detection under Adverse Conditions\UrbanSound8K\audio\fold4\171305-7-11-0.wav,0.778456449508667,0.060779158025979996,0.3254961917695941,1,1,night,clear,medium,0.36885245901639346,0.6311475409836066,0.3,1,0
C:\Users\rishi\Desktop\Context-Aware Dynamic Modality Switching for Robust Emergency Vehicle Detection under Adverse Conditions\data\vision\images\val\154.jpg,C:\Users\rishi\Desktop\Context-Aware Dynamic Modality Switching for Robust Emergency Vehicle Detection under Adverse Conditions\UrbanSound8K\audio\fold5\178686-0-0-3.wav,0.7659804224967957,0.3373759388923645,0.6419107035586709,1,1,day,clear,medium,0.7105263157894737,0.2894736842105263,0.3,1,0
C:\Users\rishi\Desktop\Context-Aware Dynamic Modality Switching for Robust Emergency Vehicle Detection under Adverse Conditions\data\vision\images\val\608.jpg,C:\Users\rishi\Desktop\Context-Aware Dynamic Modality Switching for Robust Emergency Vehicle Detection under Adverse Conditions\UrbanSound8K\audio\fold5\156634-5-0-10.wav,0.7659645676612854,0.036676935851573944,0.3056764721748282,1,1,night,clear,medium,0.36885245901639346,0.6311475409836066,0.3,1,0
C:\Users\rishi\Desktop\Context-Aware Dynamic Modality Switching for Robust Emergency Vehicle Detection under Adverse Conditions\data\vision\images\val\3.jpg,C:\Users\rishi\Desktop\Context-Aware Dynamic Modality Switching for Robust Emergency Vehicle Detection under Adverse Conditions\UrbanSound8K\audio\fold3\29721-4-0-4.wav,0.8091045022010803,0.007902157492935658,0.5771775076803015,1,1,day,clear,medium,0.7105263157894737,0.2894736842105263,0.3,1,0
C:\Users\rishi\Desktop\Context-Aware Dynamic Modality Switching for Robust Emergency Vehicle Detection under Adverse Conditions\data\vision\images\val\379.jpg,C:\Users\rishi\Desktop\Context-Aware Dynamic Modality Switching for Robust Emergency Vehicle Detection under Adverse Conditions\UrbanSound8K\audio\fold8\66324-9-0-19.wav,0.7927292585372925,0.2921770215034485,0.647832558343285,1,1,day,clear,medium,0.7105263157894737,0.2894736842105263,0.3,1,0
C:\Users\rishi\Desktop\Context-Aware Dynamic Modality Switching for Robust Emergency Vehicle Detection under Adverse Conditions\data\vision\images\val\777.jpg,C:\Users\rishi\Desktop\Context-Aware Dynamic Modality Switching for Robust Emergency Vehicle Detection under Adverse Conditions\UrbanSound8K\audio\fold9\127538-4-1-0.wav,0.7772300243377686,0.021527336910367012,0.5584739832403629,1,1,day,clear,medium,0.7105263157894737,0.2894736842105263,0.3,1,0
C:\Users\rishi\Desktop\Context-Aware Dynamic Modality Switching for Robust Emergency Vehicle Detection under Adverse Conditions\data\vision\images\val\688.jpg,C:\Users\rishi\Desktop\Context-Aware Dynamic Modality Switching for Robust Emergency Vehicle Detection under Adverse Conditions\UrbanSound8K\audio\fold9\145683-6-2-0.wav,0.7815859913825989,0.055187709629535675,0.35235064307397057,1,1,day,clear,high,0.40909090909090906,0.5909090909090909,0.3,1,0
C:\Users\rishi\Desktop\Context-Aware Dynamic Modality Switching for Robust Emergency Vehicle Detection under Adverse Conditions\data\vision\images\val\758.jpg,C:\Users\rishi\Desktop\Context-Aware Dynamic Modality Switching for Robust Emergency Vehicle Detection under Adverse Conditions\UrbanSound8K\audio\fold7\89443-9-0-50.wav,0.7690536379814148,0.0986919030547142,0.34595647741292346,1,1,night,clear,medium,0.36885245901639346,0.6311475409836066,0.3,1,0
C:\Users\rishi\Desktop\Context-Aware Dynamic Modality Switching for Robust Emergency Vehicle Detection under Adverse Conditions\data\vision\images\val\545.jpg,C:\Users\rishi\Desktop\Context-Aware Dynamic Modality Switching for Robust Emergency Vehicle Detection under Adverse Conditions\UrbanSound8K\audio\fold7\6902-2-0-9.wav,0.7489164471626282,0.23348557949066162,0.5997127749417958,1,1,day,clear,medium,0.7105263157894737,0.2894736842105263,0.3,1,0
C:\Users\rishi\Desktop\Context-Aware Dynamic Modality Switching for Robust Emergency Vehicle Detection under Adverse Conditions\data\vision\images\val\902.jpg,C:\Users\rishi\Desktop\Context-Aware Dynamic Modality Switching for Robust Emergency Vehicle Detection under Adverse Conditions\UrbanSound8K\audio\fold2\173995-3-0-11.wav,0.7745814323425293,0.05361201614141464,0.3485540500418706,1,1,day,clear,high,0.40909090909090906,0.5909090909090909,0.3,1,0
C:\Users\rishi\Desktop\Context-Aware Dynamic Modality Switching for Robust Emergency Vehicle Detection under Adverse Conditions\data\vision\images\val\345.jpg,C:\Users\rishi\Desktop\Context-Aware Dynamic Modality Switching for Robust Emergency Vehicle Detection under Adverse Conditions\UrbanSound8K\audio\fold7\135527-6-14-3.wav,0.8067269325256348,0.007047920022159815,0.5752409025904183,1,1,day,clear,medium,0.7105263157894737,0.2894736842105263,0.3,1,0
C:\Users\rishi\Desktop\Context-Aware Dynamic Modality Switching for Robust Emergency Vehicle Detection under Adverse Conditions\data\vision\images\val\236.jpg,C:\Users\rishi\Desktop\Context-Aware Dynamic Modality Switching for Robust Emergency Vehicle Detection under Adverse Conditions\UrbanSound8K\audio\fold1\78360-4-0-19.wav,0.6929811239242554,0.00916308257728815,0.49503379616592275,1,1,day,clear,medium,0.7105263157894737,0.2894736842105263,0.3,1,0
C:\Users\rishi\Desktop\Context-Aware Dynamic Modality Switching for Robust Emergency Vehicle Detection under Adverse Conditions\data\vision\images\val\103.jpg,C:\Users\rishi\Desktop\Context-Aware Dynamic Modality Switching for Robust Emergency Vehicle Detection under Adverse Conditions\UrbanSound8K\audio\fold8\29936-3-1-0.wav,0.7546599507331848,0.08343586325645447,0.33101851847328123,1,1,night,clear,medium,0.36885245901639346,0.6311475409836066,0.3,1,0
C:\Users\rishi\Desktop\Context-Aware Dynamic Modality Switching for Robust Emergency Vehicle Detection under Adverse Conditions\data\vision\images\val\141.jpg,C:\Users\rishi\Desktop\Context-Aware Dynamic Modality Switching for Robust Emergency Vehicle Detection under Adverse Conditions\UrbanSound8K\audio\fold6\101281-3-0-14.wav,0.7896099090576172,0.0128758754581213,0.29937613375301736,1,1,night,clear,medium,0.36885245901639346,0.6311475409836066,0.3,1,0
C:\Users\rishi\Desktop\Context-Aware Dynamic Modality Switching for Robust Emergency Vehicle Detection under Adverse Conditions\data\vision\images\val\320.jpg,C:\Users\rishi\Desktop\Context-Aware Dynamic Modality Switching for Robust Emergency Vehicle Detection under Adverse Conditions\UrbanSound8K\audio\fold9\54976-4-1-3.wav,0.7516910433769226,0.012532917782664299,0.5377242175470057,1,1,day,clear,medium,0.7105263157894737,0.2894736842105263,0.3,1,0
C:\Users\rishi\Desktop\Context-Aware Dynamic Modality Switching for Robust Emergency Vehicle Detection under Adverse Conditions\data\vision\images\val\39.jpg,C:\Users\rishi\Desktop\Context-Aware Dynamic Modality Switching for Robust Emergency Vehicle Detection under Adverse Conditions\UrbanSound8K\audio\fold3\148838-6-0-0.wav,0.7920282483100891,0.10890352725982666,0.5942816185323816,1,1,day,clear,medium,0.7105263157894737,0.2894736842105263,0.3,1,0
C:\Users\rishi\Desktop\Context-Aware Dynamic Modality Switching for Robust Emergency Vehicle Detection under Adverse Conditions\data\vision\images\val\244.jpg,C:\Users\rishi\Desktop\Context-Aware Dynamic Modality Switching for Robust Emergency Vehicle Detection under Adverse Conditions\UrbanSound8K\audio\fold5\77233-3-0-105.wav,0.8047558665275574,0.4436122477054596,0.6806127475574613,1,1,day,clear,medium,0.65625,0.34375000000000006,0.3,1,0
C:\Users\rishi\Desktop\Context-Aware Dynamic Modality Switching for Robust Emergency Vehicle Detection under Adverse Conditions\data\vision\images\val\914.jpg,C:\Users\rishi\Desktop\Context-Aware Dynamic Modality Switching for Robust Emergency Vehicle Detection under Adverse Conditions\UrbanSound8K\audio\fold3\69598-4-3-0.wav,0.8002585172653198,0.15071327984333038,0.39029963790881833,1,1,night,clear,high,0.36885245901639346,0.6311475409836066,0.3,1,0
C:\Users\rishi\Desktop\Context-Aware Dynamic Modality Switching for Robust Emergency Vehicle Detection under Adverse Conditions\data\vision\images\val\850.jpg,C:\Users\rishi\Desktop\Context-Aware Dynamic Modality Switching for Robust Emergency Vehicle Detection under Adverse Conditions\UrbanSound8K\audio\fold1\89948-5-0-0.wav,0.7886635661125183,0.16408902406692505,0.6078656723624782,1,1,day,clear,low,0.7105263157894737,0.2894736842105263,0.3,1,0
C:\Users\rishi\Desktop\Context-Aware Dynamic Modality Switching for Robust Emergency Vehicle Detection under Adverse Conditions\data\vision\images\val\772.jpg,C:\Users\rishi\Desktop\Context-Aware Dynamic Modality Switching for Robust Emergency Vehicle Detection under Adverse Conditions\UrbanSound8K\audio\fold5\72259-1-6-1.wav,0.7748750448226929,0.32151639461517334,0.5069812969727949,1,1,day,clear,high,0.40909090909090906,0.5909090909090909,0.3,1,0
C:\Users\rishi\Desktop\Context-Aware Dynamic Modality Switching for Robust Emergency Vehicle Detection under Adverse Conditions\data\vision\images\val\985.jpg,C:\Users\rishi\Desktop\Context-Aware Dynamic Modality Switching for Robust Emergency Vehicle Detection under Adverse Conditions\UrbanSound8K\audio\fold8\76085-4-0-37.wav,0.7754205465316772,0.00048476585652679205,0.3175039488599974,1,1,day,clear,high,0.40909090909090906,0.5909090909090909,0.3,1,0
C:\Users\rishi\Desktop\Context-Aware Dynamic Modality Switching for Robust Emergency Vehicle Detection under Adverse Conditions\data\vision\images\val\541.jpg,C:\Users\rishi\Desktop\Context-Aware Dynamic Modality Switching for Robust Emergency Vehicle Detection under Adverse Conditions\UrbanSound8K\audio\fold1\51022-3-30-4.wav,0.7981125116348267,0.020631946623325348,0.5730523480788657,1,1,day,clear,medium,0.7105263157894737,0.2894736842105263,0.3,1,0
C:\Users\rishi\Desktop\Context-Aware Dynamic Modality Switching for Robust Emergency Vehicle Detection under Adverse Conditions\data\vision\images\val\671.jpg,C:\Users\rishi\Desktop\Context-Aware Dynamic Modality Switching for Robust Emergency Vehicle Detection under Adverse Conditions\UrbanSound8K\audio\fold10\117889-9-0-36.wav,0.7892487645149231,0.08361795544624329,0.34389161452895306,1,1,night,clear,high,0.36885245901639346,0.6311475409836066,0.3,1,0
C:\Users\rishi\Desktop\Context-Aware Dynamic Modality Switching for Robust Emergency Vehicle Detection under Adverse Conditions\data\vision\images\val\747.jpg,C:\Users\rishi\Desktop\Context-Aware Dynamic Modality Switching for Robust Emergency Vehicle Detection under Adverse Conditions\UrbanSound8K\audio\fold8\125678-7-4-6.wav,0.7489627003669739,0.02611461654305458,0.5397172024179446,1,1,day,clear,medium,0.7105263157894737,0.2894736842105263,0.3,1,0
C:\Users\rishi\Desktop\Context-Aware Dynamic Modality Switching for Robust Emergency Vehicle Detection under Adverse Conditions\data\vision\images\val\806.jpg,C:\Users\rishi\Desktop\Context-Aware Dynamic Modality Switching for Robust Emergency Vehicle Detection under Adverse Conditions\UrbanSound8K\audio\fold1\138015-3-0-5.wav,0.789574146270752,0.9418793320655823,0.8953005616526002,1,1,day,clear,high,0.3058252427184466,0.6941747572815534,0.3,1,1
C:\Users\rishi\Desktop\Context-Aware Dynamic Modality Switching for Robust Emergency Vehicle Detection under Adverse Conditions\data\vision\images\val\418.jpg,C:\Users\rishi\Desktop\Context-Aware Dynamic Modality Switching for Robust Emergency Vehicle Detection under Adverse Conditions\UrbanSound8K\audio\fold6\34643-4-2-0.wav,0.7985010147094727,0.44204992055892944,0.6759709510952234,1,1,day,clear,medium,0.65625,0.34375000000000006,0.3,1,0
C:\Users\rishi\Desktop\Context-Aware Dynamic Modality Switching for Robust Emergency Vehicle Detection under Adverse Conditions\data\vision\images\val\232.jpg,C:\Users\rishi\Desktop\Context-Aware Dynamic Modality Switching for Robust Emergency Vehicle Detection under Adverse Conditions\UrbanSound8K\audio\fold10\162134-7-14-2.wav,0.7697004675865173,0.04602424055337906,0.34207360615784466,1,1,day,clear,high,0.40909090909090906,0.5909090909090909,0.3,1,0
C:\Users\rishi\Desktop\Context-Aware Dynamic Modality Switching for Robust Emergency Vehicle Detection under Adverse Conditions\data\vision\images\val\796.jpg,C:\Users\rishi\Desktop\Context-Aware Dynamic Modality Switching for Robust Emergency Vehicle Detection under Adverse Conditions\UrbanSound8K\audio\fold2\203929-7-4-10.wav,0.77159583568573,0.03266413137316704,0.3349543740464882,1,1,day,clear,high,0.40909090909090906,0.5909090909090909,0.3,1,0
C:\Users\rishi\Desktop\Context-Aware Dynamic Modality Switching for Robust Emergency Vehicle Detection under Adverse Conditions\data\vision\images\val\710.jpg,C:\Users\rishi\Desktop\Context-Aware Dynamic Modality Switching for Robust Emergency Vehicle Detection under Adverse Conditions\UrbanSound8K\audio\fold10\162134-7-17-3.wav,0.8115907311439514,0.06063709780573845,0.5942094162302581,1,1,day,clear,medium,0.7105263157894737,0.2894736842105263,0.3,1,0
C:\Users\rishi\Desktop\Context-Aware Dynamic Modality Switching for Robust Emergency Vehicle Detection under Adverse Conditions\data\vision\images\val\265.jpg,C:\Users\rishi\Desktop\Context-Aware Dynamic Modality Switching for Robust Emergency Vehicle Detection under Adverse Conditions\UrbanSound8K\audio\fold10\188813-7-6-0.wav,0.7938429713249207,0.020728444680571556,0.33700256921689614,1,1,day,clear,high,0.40909090909090906,0.5909090909090909,0.3,1,0
C:\Users\rishi\Desktop\Context-Aware Dynamic Modality Switching for Robust Emergency Vehicle Detection under Adverse Conditions\data\vision\images\val\127.jpg,C:\Users\rishi\Desktop\Context-Aware Dynamic Modality Switching for Robust Emergency Vehicle Detection under Adverse Conditions\UrbanSound8K\audio\fold3\195451-5-0-18.wav,0.8037809133529663,0.11760345101356506,0.6051505953073502,1,1,day,clear,medium,0.7105263157894737,0.2894736842105263,0.3,1,0
C:\Users\rishi\Desktop\Context-Aware Dynamic Modality Switching for Robust Emergency Vehicle Detection under Adverse Conditions\data\vision\images\val\583.jpg,C:\Users\rishi\Desktop\Context-Aware Dynamic Modality Switching for Robust Emergency Vehicle Detection under Adverse Conditions\UrbanSound8K\audio\fold6\184805-0-0-82.wav,0.7830499410629272,0.6107746958732605,0.7238303255289793,1,1,day,clear,medium,0.65625,0.34375000000000006,0.3,1,1
C:\Users\rishi\Desktop\Context-Aware Dynamic Modality Switching for Robust Emergency Vehicle Detection under Adverse Conditions\data\vision\images\val\866.jpg,C:\Users\rishi\Desktop\Context-Aware Dynamic Modality Switching for Robust Emergency Vehicle Detection under Adverse Conditions\UrbanSound8K\audio\fold6\135544-6-12-0.wav,0.7877902388572693,0.05807390436530113,0.5765565630832785,1,1,day,clear,medium,0.7105263157894737,0.2894736842105263,0.3,1,0
C:\Users\rishi\Desktop\Context-Aware Dynamic Modality Switching for Robust Emergency Vehicle Detection under Adverse Conditions\data\vision\images\val\666.jpg,C:\Users\rishi\Desktop\Context-Aware Dynamic Modality Switching for Robust Emergency Vehicle Detection under Adverse Conditions\UrbanSound8K\audio\fold1\40722-8-0-8.wav,0.7994357943534851,0.6783857941627502,0.75782485678792,1,1,day,clear,medium,0.65625,0.34375000000000006,0.3,1,1
C:\Users\rishi\Desktop\Context-Aware Dynamic Modality Switching for Robust Emergency Vehicle Detection under Adverse Conditions\data\vision\images\val\572.jpg,C:\Users\rishi\Desktop\Context-Aware Dynamic Modality Switching for Robust Emergency Vehicle Detection under Adverse Conditions\UrbanSound8K\audio\fold6\132021-7-0-11.wav,0.7678531408309937,0.08708956092596054,0.5707899992795367,1,1,day,clear,medium,0.7105263157894737,0.2894736842105263,0.3,1,0
C:\Users\rishi\Desktop\Context-Aware Dynamic Modality Switching for Robust Emergency Vehicle Detection under Adverse Conditions\data\vision\images\val\216.jpg,C:\Users\rishi\Desktop\Context-Aware Dynamic Modality Switching for Robust Emergency Vehicle Detection under Adverse Conditions\UrbanSound8K\audio\fold1\180256-3-0-1.wav,0.7775944471359253,0.0009748651064001024,0.5527835154957995,1,1,day,clear,low,0.7105263157894737,0.2894736842105263,0.3,1,0
C:\Users\rishi\Desktop\Context-Aware Dynamic Modality Switching for Robust Emergency Vehicle Detection under Adverse Conditions\data\vision\images\val\606.jpg,C:\Users\rishi\Desktop\Context-Aware Dynamic Modality Switching for Robust Emergency Vehicle Detection under Adverse Conditions\UrbanSound8K\audio\fold2\176634-1-0-0.wav,0.8088536262512207,0.2627529203891754,0.6507718429753655,1,1,day,clear,medium,0.7105263157894737,0.2894736842105263,0.3,1,0
C:\Users\rishi\Desktop\Context-Aware Dynamic Modality Switching for Robust Emergency Vehicle Detection under Adverse Conditions\data\vision\images\val\393.jpg,C:\Users\rishi\Desktop\Context-Aware Dynamic Modality Switching for Robust Emergency Vehicle Detection under Adverse Conditions\UrbanSound8K\audio\fold3\110622-6-0-0.wav,0.6642314195632935,0.04336564987897873,0.4845071178125708,1,1,day,clear,medium,0.7105263157894737,0.2894736842105263,0.3,1,0
C:\Users\rishi\Desktop\Context-Aware Dynamic Modality Switching for Robust Emergency Vehicle Detection under Adverse Conditions\data\vision\images\val\662.jpg,C:\Users\rishi\Desktop\Context-Aware Dynamic Modality Switching for Robust Emergency Vehicle Detection under Adverse Conditions\UrbanSound8K\audio\fold4\62461-0-0-3.wav,0.7005038261413574,0.3750242292881012,0.6062860481048885,1,1,day,clear,medium,0.7105263157894737,0.2894736842105263,0.3,1,0
C:\Users\rishi\Desktop\Context-Aware Dynamic Modality Switching for Robust Emergency Vehicle Detection under Adverse Conditions\data\vision\images\val\953.jpg,C:\Users\rishi\Desktop\Context-Aware Dynamic Modality Switching for Robust Emergency Vehicle Detection under Adverse Conditions\UrbanSound8K\audio\fold9\180029-4-10-0.wav,0.7841841578483582,0.03946814686059952,0.34412469681013713,1,1,day,clear,high,0.40909090909090906,0.5909090909090909,0.3,1,0
C:\Users\rishi\Desktop\Context-Aware Dynamic Modality Switching for Robust Emergency Vehicle Detection under Adverse Conditions\data\vision\images\val\119.jpg,C:\Users\rishi\Desktop\Context-Aware Dynamic Modality Switching for Robust Emergency Vehicle Detection under Adverse Conditions\UrbanSound8K\audio\fold1\108041-9-0-11.wav,0.7943693399429321,0.008192216977477074,0.32981013091789046,1,1,day,clear,high,0.40909090909090906,0.5909090909090909,0.3,1,0
C:\Users\rishi\Desktop\Context-Aware Dynamic Modality Switching for Robust Emergency Vehicle Detection under Adverse Conditions\data\vision\images\val\701.jpg,C:\Users\rishi\Desktop\Context-Aware Dynamic Modality Switching for Robust Emergency Vehicle Detection under Adverse Conditions\UrbanSound8K\audio\fold3\121528-8-1-0.wav,0.7258879542350769,0.631658136844635,0.6934964545071125,1,1,day,clear,medium,0.65625,0.34375000000000006,0.3,1,1
C:\Users\rishi\Desktop\Context-Aware Dynamic Modality Switching for Robust Emergency Vehicle Detection under Adverse Conditions\data\vision\images\val\935.jpg,C:\Users\rishi\Desktop\Context-Aware Dynamic Modality Switching for Robust Emergency Vehicle Detection under Adverse Conditions\UrbanSound8K\audio\fold1\180937-7-3-28.wav,0.8022201061248779,0.07910599559545517,0.5928976004453081,1,1,day,clear,medium,0.7105263157894737,0.2894736842105263,0.3,1,0
C:\Users\rishi\Desktop\Context-Aware Dynamic Modality Switching for Robust Emergency Vehicle Detection under Adverse Conditions\data\vision\images\val\125.jpg,C:\Users\rishi\Desktop\Context-Aware Dynamic Modality Switching for Robust Emergency Vehicle Detection under Adverse Conditions\UrbanSound8K\audio\fold4\206037-2-0-3.wav,0.7984833121299744,0.06738566607236862,0.36647106673229823,1,1,day,clear,high,0.40909090909090906,0.5909090909090909,0.3,1,0
C:\Users\rishi\Desktop\Context-Aware Dynamic Modality Switching for Robust Emergency Vehicle Detection under Adverse Conditions\data\vision\images\val\823.jpg,C:\Users\rishi\Desktop\Context-Aware Dynamic Modality Switching for Robust Emergency Vehicle Detection under Adverse Conditions\UrbanSound8K\audio\fold3\13230-0-0-7.wav,0.8174952268600464,0.20936644077301025,0.45814639871770685,1,1,day,clear,high,0.40909090909090906,0.5909090909090909,0.3,1,0
C:\Users\rishi\Desktop\Context-Aware Dynamic Modality Switching for Robust Emergency Vehicle Detection under Adverse Conditions\data\vision\images\val\982.jpg,C:\Users\rishi\Desktop\Context-Aware Dynamic Modality Switching for Robust Emergency Vehicle Detection under Adverse Conditions\UrbanSound8K\audio\fold6\137969-2-0-41.wav,0.7823317050933838,0.5888529419898987,0.7158233802765608,1,1,day,clear,medium,0.65625,0.34375000000000006,0.3,1,1
C:\Users\rishi\Desktop\Context-Aware Dynamic Modality Switching for Robust Emergency Vehicle Detection under Adverse Conditions\data\vision\images\val\363.jpg,C:\Users\rishi\Desktop\Context-Aware Dynamic Modality Switching for Robust Emergency Vehicle Detection under Adverse Conditions\UrbanSound8K\audio\fold10\180127-4-0-5.wav,0.8029145002365112,0.00507912365719676,0.5719621543846044,1,1,day,clear,medium,0.7105263157894737,0.2894736842105263,0.3,1,0
C:\Users\rishi\Desktop\Context-Aware Dynamic Modality Switching for Robust Emergency Vehicle Detection under Adverse Conditions\data\vision\images\val\428.jpg,C:\Users\rishi\Desktop\Context-Aware Dynamic Modality Switching for Robust Emergency Vehicle Detection under Adverse Conditions\UrbanSound8K\audio\fold1\57320-0-0-15.wav,0.7780505418777466,0.006649712100625038,0.2911828050512027,1,1,night,clear,high,0.36885245901639346,0.6311475409836066,0.3,1,0
C:\Users\rishi\Desktop\Context-Aware Dynamic Modality Switching for Robust Emergency Vehicle Detection under Adverse Conditions\data\vision\images\val\842.jpg,C:\Users\rishi\Desktop\Context-Aware Dynamic Modality Switching for Robust Emergency Vehicle Detection under Adverse Conditions\UrbanSound8K\audio\fold2\34621-4-21-0.wav,0.8008795380592346,0.06219382956624031,0.33465986958414806,1,1,night,clear,medium,0.36885245901639346,0.6311475409836066,0.3,1,0
C:\Users\rishi\Desktop\Context-Aware Dynamic Modality Switching for Robust Emergency Vehicle Detection under Adverse Conditions\data\vision\images\val\724.jpg,C:\Users\rishi\Desktop\Context-Aware Dynamic Modality Switching for Robust Emergency Vehicle Detection under Adverse Conditions\UrbanSound8K\audio\fold9\180029-4-11-0.wav,0.749989926815033,0.06094115972518921,0.3428247462619435,1,1,day,clear,high,0.40909090909090906,0.5909090909090909,0.3,1,0
C:\Users\rishi\Desktop\Context-Aware Dynamic Modality Switching for Robust Emergency Vehicle Detection under Adverse Conditions\data\vision\images\val\709.jpg,C:\Users\rishi\Desktop\Context-Aware Dynamic Modality Switching for Robust Emergency Vehicle Detection under Adverse Conditions\UrbanSound8K\audio\fold3\90014-8-0-4.wav,0.7812031507492065,0.9999548196792603,0.9330550374336612,1,1,day,clear,high,0.3058252427184466,0.6941747572815534,0.3,1,1
C:\Users\rishi\Desktop\Context-Aware Dynamic Modality Switching for Robust Emergency Vehicle Detection under Adverse Conditions\data\vision\images\val\969.jpg,C:\Users\rishi\Desktop\Context-Aware Dynamic Modality Switching for Robust Emergency Vehicle Detection under Adverse Conditions\UrbanSound8K\audio\fold3\200161-3-6-0.wav,0.8073132038116455,0.0025605408009141684,0.33177753930530424,1,1,day,clear,high,0.40909090909090906,0.5909090909090909,0.3,1,0
C:\Users\rishi\Desktop\Context-Aware Dynamic Modality Switching for Robust Emergency Vehicle Detection under Adverse Conditions\data\vision\images\val\569.jpg,C:\Users\rishi\Desktop\Context-Aware Dynamic Modality Switching for Robust Emergency Vehicle Detection under Adverse Conditions\UrbanSound8K\audio\fold1\26270-9-0-32.wav,0.7902229428291321,0.017283078283071518,0.3334857501428235,1,1,day,clear,high,0.40909090909090906,0.5909090909090909,0.3,1,0
C:\Users\rishi\Desktop\Context-Aware Dynamic Modality Switching for Robust Emergency Vehicle Detection under Adverse Conditions\data\vision\images\val\941.jpg,C:\Users\rishi\Desktop\Context-Aware Dynamic Modality Switching for Robust Emergency Vehicle Detection under Adverse Conditions\UrbanSound8K\audio\fold1\46656-6-4-0.wav,0.7674039602279663,0.005666820332407951,0.28663543750699916,1,1,night,clear,high,0.36885245901639346,0.6311475409836066,0.3,1,0
C:\Users\rishi\Desktop\Context-Aware Dynamic Modality Switching for Robust Emergency Vehicle Detection under Adverse Conditions\data\vision\images\val\153.jpg,C:\Users\rishi\Desktop\Context-Aware Dynamic Modality Switching for Robust Emergency Vehicle Detection under Adverse Conditions\UrbanSound8K\audio\fold4\128160-5-0-15.wav,0.7808046340942383,0.20718222856521606,0.41876426339149475,1,1,night,clear,medium,0.36885245901639346,0.6311475409836066,0.3,1,0
C:\Users\rishi\Desktop\Context-Aware Dynamic Modality Switching for Robust Emergency Vehicle Detection under Adverse Conditions\data\vision\images\val\781.jpg,C:\Users\rishi\Desktop\Context-Aware Dynamic Modality Switching for Robust Emergency Vehicle Detection under Adverse Conditions\UrbanSound8K\audio\fold10\167464-0-0-5.wav,0.7934653162956238,0.12651172280311584,0.6003998023898979,1,1,day,clear,medium,0.7105263157894737,0.2894736842105263,0.3,1,0
C:\Users\rishi\Desktop\Context-Aware Dynamic Modality Switching for Robust Emergency Vehicle Detection under Adverse Conditions\data\vision\images\val\156.jpg,C:\Users\rishi\Desktop\Context-Aware Dynamic Modality Switching for Robust Emergency Vehicle Detection under Adverse Conditions\UrbanSound8K\audio\fold6\204240-0-0-2.wav,0.7842637300491333,0.0041353446431458,0.5584370921684527,1,1,day,clear,medium,0.7105263157894737,0.2894736842105263,0.3,1,0
C:\Users\rishi\Desktop\Context-Aware Dynamic Modality Switching for Robust Emergency Vehicle Detection under Adverse Conditions\data\vision\images\val\398.jpg,C:\Users\rishi\Desktop\Context-Aware Dynamic Modality Switching for Robust Emergency Vehicle Detection under Adverse Conditions\UrbanSound8K\audio\fold10\147491-9-2-32.wav,0.8088332414627075,0.3388842046260834,0.6727953623784216,1,1,day,clear,medium,0.7105263157894737,0.2894736842105263,0.3,1,0
C:\Users\rishi\Desktop\Context-Aware Dynamic Modality Switching for Robust Emergency Vehicle Detection under Adverse Conditions\data\vision\images\val\140.jpg,C:\Users\rishi\Desktop\Context-Aware Dynamic Modality Switching for Robust Emergency Vehicle Detection under Adverse Conditions\UrbanSound8K\audio\fold4\166942-0-0-3.wav,0.7790113687515259,0.012984206900000572,0.29553520922228455,1,1,night,clear,medium,0.36885245901639346,0.6311475409836066,0.3,1,0
C:\Users\rishi\Desktop\Context-Aware Dynamic Modality Switching for Robust Emergency Vehicle Detection under Adverse Conditions\data\vision\images\val\745.jpg,C:\Users\rishi\Desktop\Context-Aware Dynamic Modality Switching for Robust Emergency Vehicle Detection under Adverse Conditions\UrbanSound8K\audio\fold7\50415-4-0-1.wav,0.77214515209198,0.6947208642959595,0.7183991659034803,1,1,day,clear,high,0.3058252427184466,0.6941747572815534,0.3,1,1
C:\Users\rishi\Desktop\Context-Aware Dynamic Modality Switching for Robust Emergency Vehicle Detection under Adverse Conditions\data\vision\images\val\314.jpg,C:\Users\rishi\Desktop\Context-Aware Dynamic Modality Switching for Robust Emergency Vehicle Detection under Adverse Conditions\UrbanSound8K\audio\fold7\171184-9-0-6.wav,0.7468817830085754,0.0856490433216095,0.32954636533729365,1,1,night,clear,high,0.36885245901639346,0.6311475409836066,0.3,1,0
C:\Users\rishi\Desktop\Context-Aware Dynamic Modality Switching for Robust Emergency Vehicle Detection under Adverse Conditions\data\vision\images\val\180.jpg,C:\Users\rishi\Desktop\Context-Aware Dynamic Modality Switching for Robust Emergency Vehicle Detection under Adverse Conditions\UrbanSound8K\audio\fold9\196066-2-0-0.wav,0.7990201115608215,0.017230257391929626,0.5727125221961422,1,1,day,clear,medium,0.7105263157894737,0.2894736842105263,0.3,1,0
C:\Users\rishi\Desktop\Context-Aware Dynamic Modality Switching for Robust Emergency Vehicle Detection under Adverse Conditions\data\vision\images\val\446.jpg,C:\Users\rishi\Desktop\Context-Aware Dynamic Modality Switching for Robust Emergency Vehicle Detection under Adverse Conditions\UrbanSound8K\audio\fold4\42954-9-0-12.wav,0.7768124341964722,0.9917641282081604,0.9359593614935875,1,1,night,clear,high,0.25961538461538464,0.7403846153846154,0.3,1,1
C:\Users\rishi\Desktop\Context-Aware Dynamic Modality Switching for Robust Emergency Vehicle Detection under Adverse Conditions\data\vision\images\val\848.jpg,C:\Users\rishi\Desktop\Context-Aware Dynamic Modality Switching for Robust Emergency Vehicle Detection under Adverse Conditions\UrbanSound8K\audio\fold2\189023-0-0-10.wav,0.8067060708999634,0.18890191614627838,0.6278680261028441,1,1,day,clear,medium,0.7105263157894737,0.2894736842105263,0.3,1,0
C:\Users\rishi\Desktop\Context-Aware Dynamic Modality Switching for Robust Emergency Vehicle Detection under Adverse Conditions\data\vision\images\val\148.jpg,C:\Users\rishi\Desktop\Context-Aware Dynamic Modality Switching for Robust Emergency Vehicle Detection under Adverse Conditions\UrbanSound8K\audio\fold6\36902-3-1-0.wav,0.7731671929359436,0.07840501517057419,0.36262590607458894,1,1,day,clear,high,0.40909090909090906,0.5909090909090909,0.3,1,0
C:\Users\rishi\Desktop\Context-Aware Dynamic Modality Switching for Robust Emergency Vehicle Detection under Adverse Conditions\data\vision\images\val\453.jpg,C:\Users\rishi\Desktop\Context-Aware Dynamic Modality Switching for Robust Emergency Vehicle Detection under Adverse Conditions\UrbanSound8K\audio\fold4\109711-3-2-4.wav,0.7801042795181274,2.36081141338218e-05,0.31914751914304024,1,1,day,clear,high,0.40909090909090906,0.5909090909090909,0.3,1,0
C:\Users\rishi\Desktop\Context-Aware Dynamic Modality Switching for Robust Emergency Vehicle Detection under Adverse Conditions\data\vision\images\val\113.jpg,C:\Users\rishi\Desktop\Context-Aware Dynamic Modality Switching for Robust Emergency Vehicle Detection under Adverse Conditions\UrbanSound8K\audio\fold6\184805-0-0-34.wav,0.791716456413269,0.05034884437918663,0.3238041111130695,1,1,night,clear,medium,0.36885245901639346,0.6311475409836066,0.3,1,0
C:\Users\rishi\Desktop\Context-Aware Dynamic Modality Switching for Robust Emergency Vehicle Detection under Adverse Conditions\data\vision\images\val\144.jpg,C:\Users\rishi\Desktop\Context-Aware Dynamic Modality Switching for Robust Emergency Vehicle Detection under Adverse Conditions\UrbanSound8K\audio\fold5\180128-4-14-0.wav,0.7593746185302734,0.03839856758713722,0.3043323568694416,1,1,night,clear,medium,0.36885245901639346,0.6311475409836066,0.3,1,0
C:\Users\rishi\Desktop\Context-Aware Dynamic Modality Switching for Robust Emergency Vehicle Detection under Adverse Conditions\data\vision\images\val\871.jpg,C:\Users\rishi\Desktop\Context-Aware Dynamic Modality Switching for Robust Emergency Vehicle Detection under Adverse Conditions\UrbanSound8K\audio\fold5\60846-0-0-3.wav,0.757584810256958,0.0192892923951149,0.2916114096392374,1,1,night,clear,medium,0.36885245901639346,0.6311475409836066,0.3,1,0
C:\Users\rishi\Desktop\Context-Aware Dynamic Modality Switching for Robust Emergency Vehicle Detection under Adverse Conditions\data\vision\images\val\523.jpg,C:\Users\rishi\Desktop\Context-Aware Dynamic Modality Switching for Robust Emergency Vehicle Detection under Adverse Conditions\UrbanSound8K\audio\fold4\81068-5-2-0.wav,0.7812031507492065,0.22454510629177094,0.4522688517516309,1,1,day,clear,high,0.40909090909090906,0.5909090909090909,0.3,1,0
C:\Users\rishi\Desktop\Context-Aware Dynamic Modality Switching for Robust Emergency Vehicle Detection under Adverse Conditions\data\vision\images\val\15.jpg,C:\Users\rishi\Desktop\Context-Aware Dynamic Modality Switching for Robust Emergency Vehicle Detection under Adverse Conditions\UrbanSound8K\audio\fold8\14386-9-0-20.wav,0.8019617199897766,0.1900952309370041,0.4157836900138464,1,1,night,clear,medium,0.36885245901639346,0.6311475409836066,0.3,1,0
C:\Users\rishi\Desktop\Context-Aware Dynamic Modality Switching for Robust Emergency Vehicle Detection under Adverse Conditions\data\vision\images\val\721.jpg,C:\Users\rishi\Desktop\Context-Aware Dynamic Modality Switching for Robust Emergency Vehicle Detection under Adverse Conditions\UrbanSound8K\audio\fold7\38236-3-2-3.wav,0.7125998139381409,0.00039960071444511414,0.263096400674005,1,1,night,clear,medium,0.36885245901639346,0.6311475409836066,0.3,1,0
C:\Users\rishi\Desktop\Context-Aware Dynamic Modality Switching for Robust Emergency Vehicle Detection under Adverse Conditions\data\vision\images\val\152.jpg,C:\Users\rishi\Desktop\Context-Aware Dynamic Modality Switching for Robust Emergency Vehicle Detection under Adverse Conditions\UrbanSound8K\audio\fold9\60935-2-0-0.wav,0.7854265570640564,0.5188889503479004,0.6004028786154626,1,1,day,clear,high,0.3058252427184466,0.6941747572815534,0.3,1,1
C:\Users\rishi\Desktop\Context-Aware Dynamic Modality Switching for Robust Emergency Vehicle Detection under Adverse Conditions\data\vision\images\val\355.jpg,C:\Users\rishi\Desktop\Context-Aware Dynamic Modality Switching for Robust Emergency Vehicle Detection under Adverse Conditions\UrbanSound8K\audio\fold3\29721-4-0-1.wav,0.7953726649284363,0.06316003203392029,0.3627015636725859,1,1,day,clear,high,0.40909090909090906,0.5909090909090909,0.3,1,0
C:\Users\rishi\Desktop\Context-Aware Dynamic Modality Switching for Robust Emergency Vehicle Detection under Adverse Conditions\data\vision\images\val\268.jpg,C:\Users\rishi\Desktop\Context-Aware Dynamic Modality Switching for Robust Emergency Vehicle Detection under Adverse Conditions\UrbanSound8K\audio\fold8\133473-8-0-2.wav,0.7676049470901489,0.9848793148994446,0.9284715463335698,1,1,night,clear,high,0.25961538461538464,0.7403846153846154,0.3,1,1
C:\Users\rishi\Desktop\Context-Aware Dynamic Modality Switching for Robust Emergency Vehicle Detection under Adverse Conditions\data\vision\images\val\652.jpg,C:\Users\rishi\Desktop\Context-Aware Dynamic Modality Switching for Robust Emergency Vehicle Detection under Adverse Conditions\UrbanSound8K\audio\fold3\138473-9-0-29.wav,0.7863300442695618,0.00022934965090826154,0.5587745800378463,1,1,day,clear,medium,0.7105263157894737,0.2894736842105263,0.3,1,0
